0 2
0 4
0 5
0 6
0 10
0 16
0 20
0 45
0 49
1 2
1 3
1 4
1 5
1 6
1 7
1 13
1 45
1 47
1 48
1 49
2 4
2 5
2 6
2 8
2 39
2 46
2 47
2 48
2 49
3 4
3 6
3 7
3 9
3 28
3 30
3 31
3 33
3 48
3 49
4 5
4 6
4 7
4 9
4 10
4 17
4 38
4 48
4 49
5 6
5 7
5 8
5 10
5 11
5 35
5 49
6 7
6 8
6 9
6 10
6 11
6 12
7 8
7 9
7 10
7 11
7 12
7 13
7 29
7 30
7 47
8 9
8 10
8 11
8 12
8 13
8 14
9 11
9 12
9 13
9 14
9 15
9 46
9 48
10 11
10 12
10 14
10 15
10 16
10 26
10 29
10 31
11 12
11 13
11 14
11 15
11 16
11 17
11 37
12 13
12 14
12 15
12 16
12 17
12 18
13 14
13 15
13 16
13 17
13 18
13 19
14 15
14 16
14 17
14 18
14 19
14 20
14 44
15 16
15 17
15 18
15 19
15 20
15 21
16 17
16 18
16 20
16 21
16 22
16 49
17 18
17 20
17 21
17 22
17 23
17 37
17 38
18 19
18 20
18 21
18 22
18 23
18 24
18 44
19 20
19 21
19 22
19 23
19 24
19 25
19 42
20 21
20 22
20 23
20 24
20 25
20 26
20 35
21 22
21 24
21 25
21 26
21 27
21 34
21 39
22 23
22 24
22 25
22 26
22 27
22 28
23 24
23 25
23 26
23 27
23 29
24 25
24 26
24 28
24 29
24 30
24 33
24 39
25 27
25 29
25 31
25 40
26 27
26 28
26 29
26 30
26 31
26 32
26 43
27 28
27 29
27 30
27 31
27 32
27 33
28 29
28 30
28 31
28 33
28 34
28 37
28 45
29 30
29 31
29 32
29 33
29 35
30 31
30 32
30 33
30 35
30 36
30 40
31 32
31 33
31 34
31 37
32 33
32 34
32 35
32 36
32 37
32 38
33 34
33 35
33 36
33 37
33 38
33 39
33 47
34 36
34 37
34 39
34 44
34 47
35 36
35 37
35 38
35 39
35 40
35 41
36 38
36 39
36 40
36 41
36 42
37 39
37 40
37 41
37 42
37 43
37 47
38 39
38 40
38 41
38 42
38 43
38 44
39 40
39 41
39 42
39 43
39 44
40 41
40 42
40 43
40 44
40 45
40 46
41 42
41 44
41 46
41 47
42 43
42 44
42 45
42 47
42 48
43 44
43 45
43 46
43 47
43 48
43 49
44 45
44 47
44 49
45 46
45 47
45 48
45 49
46 47
46 48
46 49
47 49
48 49
