0 1
0 2
0 4
0 5
0 6
0 44
0 45
0 46
0 47
0 48
0 49
1 2
1 3
1 4
1 5
1 6
1 7
1 45
1 46
1 47
1 49
2 3
2 4
2 5
2 7
2 8
2 16
2 29
2 45
2 46
2 47
3 4
3 6
3 7
3 8
3 9
3 11
3 20
3 41
3 47
4 5
4 6
4 7
4 8
4 10
4 14
4 26
4 48
4 49
5 6
5 7
5 8
5 10
5 11
5 35
5 42
5 49
6 7
6 8
6 10
6 11
6 12
6 41
6 48
7 8
7 9
7 10
7 11
7 12
7 13
7 23
8 9
8 10
8 11
8 12
8 13
8 14
9 10
9 11
9 12
9 13
9 14
9 29
9 34
9 43
10 11
10 12
10 13
10 14
10 15
10 16
11 13
11 14
11 16
11 17
12 14
12 15
12 16
12 17
12 18
13 14
13 15
13 16
13 17
13 18
13 19
13 37
13 48
14 15
14 16
14 17
14 18
14 19
14 20
14 36
14 47
15 17
15 18
15 19
15 20
15 39
15 48
16 17
16 18
16 19
16 20
16 22
16 49
17 18
17 19
17 20
17 21
17 22
17 23
17 27
18 19
18 20
18 21
18 22
18 23
18 24
18 31
19 21
19 22
19 23
19 25
19 30
19 44
20 21
20 22
20 23
20 24
20 27
21 22
21 23
21 24
21 25
21 26
21 27
21 48
21 49
22 23
22 24
22 25
22 27
22 28
22 33
23 24
23 25
23 26
23 27
23 28
23 29
24 25
24 27
24 29
24 36
24 38
24 46
24 47
25 26
25 27
25 30
25 31
25 32
25 40
25 48
26 27
26 28
26 29
26 30
26 32
26 44
27 28
27 30
27 31
27 32
27 48
28 29
28 30
28 32
28 33
28 34
29 30
29 31
29 32
29 33
29 34
29 35
29 36
30 31
30 32
30 33
30 34
30 35
30 36
30 43
31 32
31 33
31 34
31 37
31 46
32 33
32 34
32 35
32 36
32 37
33 34
33 35
33 36
33 37
33 38
33 39
33 48
34 35
34 36
34 37
34 38
34 39
34 40
35 36
35 37
35 38
35 39
35 40
35 41
35 49
36 37
36 39
36 41
36 42
37 38
37 39
37 40
37 42
37 43
37 46
38 39
38 40
38 41
38 42
38 43
38 44
38 48
39 40
39 41
39 42
39 44
39 45
40 41
40 42
40 43
40 44
40 45
40 46
41 42
41 43
41 45
41 46
42 44
42 45
42 46
42 47
43 44
43 45
43 46
43 47
44 45
44 47
44 48
44 49
45 46
45 47
45 48
45 49
46 47
46 48
46 49
47 49
48 49
