0 1
0 2
0 5
0 6
0 14
0 16
0 18
0 26
0 27
0 30
0 36
0 42
0 44
1 3
1 5
1 7
1 11
1 15
1 19
1 23
1 26
1 27
1 29
1 32
1 33
1 35
1 36
1 37
1 38
1 41
1 43
1 47
1 48
2 4
2 7
2 10
2 11
2 12
2 13
2 16
2 17
2 21
2 23
2 28
2 32
2 37
2 40
2 42
2 45
2 48
2 49
3 4
3 12
3 15
3 18
3 20
3 33
3 34
3 35
3 39
3 44
3 45
3 46
3 47
3 48
4 7
4 12
4 22
4 27
4 29
4 32
4 39
4 43
4 44
4 45
4 47
5 7
5 9
5 10
5 15
5 18
5 24
5 25
5 30
5 33
5 35
5 39
5 49
6 8
6 11
6 12
6 14
6 18
6 19
6 24
6 27
6 28
6 29
6 31
6 34
6 46
7 10
7 11
7 12
7 15
7 18
7 25
7 28
7 30
7 31
7 36
7 39
7 40
7 41
7 42
7 43
7 47
7 49
8 12
8 13
8 14
8 16
8 18
8 20
8 32
8 34
8 38
8 41
8 42
8 45
9 15
9 17
9 21
9 22
9 24
9 25
9 31
9 32
9 33
9 42
9 47
10 11
10 14
10 19
10 23
10 25
10 26
10 28
10 29
10 32
10 35
10 40
10 42
10 47
11 12
11 16
11 18
11 29
11 34
11 41
11 45
11 48
11 49
12 16
12 20
12 21
12 35
12 36
12 37
12 38
12 41
12 43
13 15
13 18
13 22
13 24
13 25
13 29
13 30
13 32
13 36
13 37
13 38
13 39
13 40
14 18
14 19
14 26
14 27
14 28
14 29
14 30
14 32
14 35
14 38
15 16
15 17
15 20
15 21
15 22
15 24
15 26
15 29
15 30
15 33
15 36
15 38
15 39
15 41
15 42
15 44
15 46
16 18
16 25
16 34
16 36
16 44
16 47
16 49
17 18
17 20
17 21
17 22
17 23
17 27
17 30
17 34
17 40
17 43
17 45
18 20
18 23
18 24
18 26
18 31
18 32
18 33
18 35
18 36
18 42
18 49
19 21
19 22
19 27
19 28
19 33
19 35
19 39
19 42
19 46
20 25
20 31
20 34
20 39
20 42
20 49
21 24
21 25
21 35
21 38
21 39
21 41
21 43
22 24
22 27
22 35
22 39
22 40
22 42
22 44
22 46
22 48
23 25
23 27
23 42
23 43
23 44
24 27
24 28
24 40
24 45
24 48
24 49
25 28
25 29
25 34
25 38
25 40
25 42
25 45
26 27
26 29
26 31
26 33
26 36
26 38
26 44
26 47
26 49
27 30
27 32
27 37
27 40
27 43
28 29
28 34
28 36
28 37
28 44
28 45
29 30
29 31
29 35
29 42
29 43
29 45
29 47
29 48
29 49
30 31
30 35
30 36
30 39
30 41
30 47
31 40
31 49
32 36
32 37
32 39
32 40
32 41
32 46
32 47
33 44
33 45
33 49
34 41
34 42
34 43
35 38
35 39
35 42
35 44
35 49
36 43
36 47
37 42
38 49
39 41
39 45
40 44
40 45
42 43
42 44
42 46
42 49
43 47
43 48
45 48
45 49
46 47
46 49
47 49
