0 13
0 21
0 25
0 32
0 33
0 38
0 40
0 47
1 18
1 28
1 32
1 33
1 36
1 45
1 48
1 50
2 3
2 6
2 22
2 24
2 25
2 34
2 35
2 39
2 42
2 43
2 44
2 50
2 51
3 17
3 18
3 22
3 41
3 42
3 48
3 54
4 7
4 11
4 19
4 22
4 25
4 26
4 28
4 29
4 31
4 47
4 51
4 52
4 54
5 8
5 15
5 16
5 20
5 26
5 27
5 35
5 40
6 11
6 13
6 19
6 20
6 33
6 38
6 40
6 42
6 46
6 47
6 50
7 10
7 11
7 22
7 30
7 33
7 40
7 41
7 44
7 50
7 51
8 21
8 28
8 29
8 33
8 35
8 39
8 41
8 48
9 30
9 34
9 35
9 48
9 50
9 53
10 13
10 16
10 18
10 23
10 31
10 36
10 43
10 46
10 50
10 52
11 12
11 17
11 18
11 28
11 32
11 49
11 52
12 13
12 19
12 26
12 30
12 36
12 38
12 42
12 43
12 49
13 26
13 28
13 32
13 37
13 40
13 43
14 18
14 21
14 32
14 33
14 45
14 47
14 49
15 24
15 27
15 43
15 50
15 51
16 17
16 39
16 42
16 47
16 48
16 54
17 19
17 23
17 24
17 27
17 40
17 43
17 44
17 46
18 21
18 27
18 43
18 47
18 54
19 23
19 25
19 26
19 32
19 47
19 49
19 50
20 23
20 26
20 27
20 28
20 34
20 37
20 45
20 46
21 22
21 25
21 28
21 30
21 31
21 36
21 39
21 43
21 50
22 24
22 26
22 32
22 39
22 48
22 49
22 50
22 51
22 53
23 25
23 26
23 39
23 47
23 50
23 51
24 29
24 30
24 33
24 35
24 37
24 38
24 44
24 51
25 28
25 38
25 39
25 46
25 48
25 49
25 51
25 54
26 28
26 29
26 36
26 38
27 37
27 48
27 49
28 32
28 36
28 37
28 39
28 49
28 54
29 35
29 36
29 47
29 49
29 53
30 32
30 34
30 35
30 52
30 53
31 42
31 45
32 36
32 43
32 54
33 36
33 38
34 36
34 40
34 43
34 48
34 54
35 43
35 48
35 50
36 44
36 54
37 39
37 42
37 47
37 54
38 39
38 43
38 46
39 43
39 46
39 47
39 51
40 41
40 45
40 48
41 43
41 44
41 47
41 51
42 44
42 47
43 44
43 47
43 51
43 53
45 47
46 48
46 52
46 53
47 48
47 51
48 50
48 54
49 50
49 51
49 52
50 53
51 52
