0 3
0 11
0 21
0 34
0 48
1 6
1 13
1 24
1 35
2 7
2 27
2 32
2 36
2 39
2 40
2 43
2 46
3 5
3 9
3 11
3 15
3 17
3 18
3 22
3 26
3 30
3 42
4 6
4 17
4 21
4 26
4 37
5 7
5 13
5 14
5 46
5 47
5 49
6 14
6 16
6 24
6 25
6 26
6 27
6 28
6 46
6 47
7 9
7 10
7 11
7 17
7 27
7 32
7 40
7 43
8 16
8 25
8 31
8 39
8 40
9 17
9 19
9 22
9 28
9 32
9 33
9 44
9 47
9 49
10 11
10 18
10 21
10 35
11 12
11 16
11 24
11 30
11 33
11 36
11 41
12 13
12 14
12 18
12 31
12 45
12 46
13 18
13 19
13 34
13 39
13 40
13 49
14 31
14 33
15 21
15 22
15 26
15 37
15 42
15 46
16 19
16 43
16 47
16 49
17 18
17 20
17 23
17 34
17 40
17 42
18 25
18 26
18 43
18 45
19 22
19 29
19 30
19 32
19 38
19 44
19 46
20 22
20 24
20 25
20 30
20 31
20 35
20 43
20 46
20 49
21 27
21 40
21 42
21 45
22 41
22 42
24 25
24 33
24 36
24 43
24 46
25 26
25 31
25 39
25 41
25 47
26 31
26 33
26 41
26 44
26 45
27 30
27 49
28 36
28 38
28 41
28 48
29 37
30 32
30 33
30 37
30 43
30 47
31 33
31 35
31 46
31 48
32 36
32 37
32 39
32 43
33 37
33 39
34 38
34 45
34 47
35 41
36 42
36 46
37 40
37 42
37 45
37 46
37 48
38 39
38 40
39 44
40 45
40 48
41 45
42 45
43 45
44 46
44 48
