0 12
0 17
0 22
0 27
0 30
0 33
0 34
0 36
0 47
1 11
1 12
1 13
1 14
1 16
1 24
1 29
1 31
1 36
1 37
1 40
1 47
2 3
2 5
2 15
2 21
2 22
2 23
2 30
2 32
2 40
2 44
2 47
2 48
3 8
3 10
3 15
3 17
3 20
3 21
3 26
3 27
3 28
3 32
3 35
3 41
3 43
3 45
3 46
3 49
4 9
4 14
4 17
4 21
4 26
4 28
4 30
4 36
4 39
4 46
4 49
5 16
5 17
5 18
5 20
5 26
5 28
5 29
5 32
5 37
5 45
6 8
6 9
6 11
6 22
6 24
6 26
6 28
6 32
6 33
6 34
6 43
7 12
7 13
7 14
7 16
7 21
7 32
7 34
7 38
7 47
8 9
8 12
8 13
8 19
8 20
8 23
8 24
8 27
8 33
8 35
8 36
8 40
8 41
8 43
9 11
9 13
9 16
9 23
9 27
9 29
9 30
9 35
9 37
9 45
9 46
9 48
10 12
10 13
10 21
10 22
10 28
10 32
10 33
10 34
10 39
11 15
11 16
11 20
11 21
11 24
11 26
11 32
11 36
11 39
11 48
11 49
12 15
12 20
12 23
12 24
12 32
12 33
12 36
12 39
12 44
12 47
12 48
12 49
13 15
13 19
13 20
13 25
13 26
13 34
13 37
13 39
13 40
13 46
14 16
14 20
14 21
14 28
14 32
14 35
14 38
14 40
14 43
14 49
15 17
15 21
15 25
15 27
15 30
15 33
15 35
15 40
15 41
15 43
15 44
15 48
16 21
16 31
16 41
16 48
16 49
17 19
17 24
17 26
17 36
17 38
17 44
17 45
17 46
18 20
18 23
18 29
18 30
18 40
18 42
18 43
18 44
18 46
18 49
19 22
19 26
19 32
19 37
19 39
20 21
20 22
20 27
20 29
20 30
20 33
20 37
20 42
20 47
21 24
21 25
21 29
21 39
21 45
22 24
22 29
22 30
22 31
22 35
22 37
22 41
22 44
22 47
22 49
23 25
23 27
23 31
23 34
23 41
23 45
23 46
23 49
24 30
24 37
24 41
24 45
24 46
24 49
25 26
25 28
25 30
25 32
25 40
25 48
26 27
26 32
26 33
26 41
26 42
26 45
26 47
27 29
27 31
27 37
27 44
27 49
28 30
28 38
28 43
28 45
28 49
29 33
29 38
29 44
29 45
29 46
29 49
30 31
30 33
30 35
30 38
30 42
30 44
30 46
30 47
30 48
31 32
31 34
31 39
31 40
31 43
31 48
32 34
32 36
32 39
32 44
32 46
32 47
33 35
33 36
33 39
33 44
33 48
34 40
34 42
34 45
34 46
34 48
35 36
35 37
35 41
35 46
36 42
36 46
36 47
37 38
37 44
38 41
38 43
38 47
39 45
39 48
40 41
40 47
40 48
41 43
41 44
41 45
41 48
42 46
43 44
43 46
43 48
44 46
45 47
45 48
46 48
47 49
