0 1
0 3
0 7
0 13
0 26
0 27
0 29
0 30
0 34
0 36
0 39
0 42
0 44
1 7
1 9
1 12
1 16
1 18
1 19
1 22
1 27
1 29
1 35
1 38
1 43
1 44
1 46
1 47
2 3
2 4
2 8
2 20
2 26
2 30
2 31
2 37
2 40
2 41
2 44
2 47
3 9
3 11
3 13
3 16
3 19
3 20
3 24
3 26
3 32
3 34
3 40
3 49
4 7
4 8
4 9
4 10
4 11
4 19
4 24
4 27
4 30
4 35
4 39
4 44
5 7
5 10
5 13
5 15
5 16
5 18
5 21
5 23
5 24
5 25
5 30
5 32
5 33
5 37
5 38
5 42
5 43
5 47
6 8
6 18
6 19
6 30
6 32
6 35
6 39
6 47
7 8
7 14
7 15
7 21
7 28
7 30
7 35
7 39
7 41
7 42
7 44
7 45
7 46
7 48
7 49
8 9
8 11
8 14
8 15
8 21
8 22
8 25
8 34
8 37
8 38
8 39
8 42
8 46
8 48
9 10
9 16
9 18
9 19
9 22
9 28
9 32
9 35
9 40
9 45
9 47
9 48
9 49
10 17
10 18
10 24
10 25
10 31
10 33
10 36
10 39
10 40
10 43
10 45
10 46
10 47
10 49
11 12
11 14
11 15
11 21
11 22
11 23
11 24
11 27
11 28
11 36
11 39
11 40
11 44
11 49
12 14
12 15
12 20
12 21
12 22
12 23
12 28
12 36
12 42
12 44
12 46
12 49
13 19
13 20
13 30
13 31
13 34
13 39
13 42
13 45
14 15
14 16
14 24
14 25
14 30
14 34
14 43
15 20
15 23
15 25
15 29
15 30
15 39
15 41
15 42
15 47
15 49
16 17
16 21
16 24
16 25
16 31
16 34
16 35
16 46
16 49
17 18
17 24
17 31
17 35
17 37
17 38
17 41
17 42
17 47
18 20
18 21
18 25
18 29
18 32
18 36
18 37
18 41
18 43
18 45
18 48
19 23
19 25
19 30
19 31
19 37
19 38
19 39
19 43
20 22
20 25
20 26
20 28
20 34
20 35
20 37
20 47
21 29
21 32
21 35
21 37
21 38
21 40
21 42
21 44
21 45
21 49
22 24
22 26
22 32
22 37
22 42
22 44
22 46
22 47
23 24
23 25
23 27
23 28
23 30
23 31
23 34
23 39
23 43
23 44
23 47
23 48
24 31
24 42
24 46
24 47
24 48
25 28
25 33
25 34
25 35
25 37
25 44
26 28
26 29
26 35
26 42
26 43
26 44
26 45
26 46
26 48
27 28
27 29
27 30
27 33
27 36
27 37
27 40
27 45
28 29
28 30
28 32
28 36
28 37
28 44
28 48
29 31
29 39
29 44
29 45
29 48
30 31
30 32
30 33
30 34
30 36
30 38
30 40
30 42
30 48
31 44
31 48
32 33
32 38
32 39
32 40
32 41
32 43
32 44
32 48
32 49
33 36
33 37
33 38
33 44
33 46
33 47
33 49
34 35
34 36
34 42
34 46
34 47
35 43
36 37
36 39
37 40
37 41
37 42
37 43
38 41
38 42
38 45
38 48
38 49
39 40
39 41
39 42
39 47
40 41
40 48
41 42
41 44
41 45
41 49
42 43
42 44
43 46
43 49
44 45
44 46
44 49
45 48
45 49
46 47
46 48
46 49
