0 2
0 3
0 25
0 26
0 40
0 43
1 2
1 3
1 10
1 15
1 16
1 17
1 18
1 20
1 36
1 41
1 42
1 44
1 46
2 3
2 14
2 16
2 31
2 33
2 34
2 48
3 5
3 7
3 8
3 15
3 27
3 35
3 48
4 7
4 15
4 16
4 37
4 41
5 20
5 22
5 24
5 29
5 34
5 39
6 8
6 34
7 14
7 25
7 29
7 34
7 36
7 38
7 43
7 46
8 27
8 28
8 35
8 37
8 39
8 41
8 43
9 14
9 15
9 25
9 39
9 40
10 12
10 14
10 16
10 17
10 21
10 28
10 32
10 36
11 24
11 33
11 34
11 40
11 48
12 13
12 20
12 21
12 34
12 42
12 43
12 45
12 47
13 14
13 28
13 31
13 32
13 40
13 44
13 45
14 18
14 19
14 20
14 30
14 47
14 49
15 16
15 23
15 28
16 18
16 20
16 22
16 40
16 43
16 46
17 19
17 25
17 37
17 40
18 19
18 22
18 28
18 36
18 38
18 46
19 24
19 27
19 30
19 38
19 48
19 49
20 21
20 35
20 37
20 45
20 47
20 48
21 38
22 25
22 26
22 32
22 39
22 42
22 48
23 29
23 34
23 42
23 45
24 31
24 38
24 39
24 40
24 43
24 45
25 36
25 42
26 49
27 33
27 39
27 42
27 43
27 48
27 49
28 39
30 37
30 44
30 47
30 48
30 49
31 34
31 38
31 47
32 34
32 37
32 49
33 35
34 47
35 40
36 38
36 46
36 48
37 38
37 44
38 44
38 46
38 48
40 43
40 47
42 46
43 47
44 46
45 47
46 48
46 49
47 49
