0 1
0 2
0 3
0 4
0 8
0 9
0 10
0 11
0 29
0 45
0 75
0 92
0 109
0 122
1 2
1 5
1 6
1 9
1 21
1 28
1 29
1 32
1 53
1 58
1 67
1 74
1 84
1 127
1 168
2 3
2 14
2 21
2 47
2 48
2 66
2 84
2 100
2 138
2 172
3 4
3 5
3 10
3 13
3 15
3 46
3 113
3 139
4 6
4 7
4 8
4 20
4 27
4 70
4 165
4 189
5 19
5 31
5 39
5 99
5 118
5 198
6 7
6 13
6 14
6 43
6 60
6 72
7 12
7 15
7 16
7 17
7 34
7 54
7 76
7 191
7 194
8 12
8 43
8 49
8 62
8 104
8 106
8 126
8 130
8 146
9 23
9 24
9 36
9 44
9 88
9 157
9 160
10 11
10 30
10 55
10 59
10 60
10 192
11 18
11 19
11 27
11 33
11 41
11 48
11 56
11 57
11 115
11 156
11 184
12 17
12 65
12 67
12 154
13 16
13 20
13 89
14 34
14 47
14 77
14 83
14 177
15 18
15 30
15 39
15 51
15 97
15 136
15 172
16 22
16 32
16 109
16 135
17 53
17 98
17 112
18 22
18 64
18 91
19 31
19 44
19 50
19 52
19 75
20 25
20 26
20 85
20 133
20 134
21 23
21 24
21 50
21 57
21 159
21 161
22 95
22 166
23 33
23 37
23 42
23 51
23 66
23 68
23 94
23 119
23 121
23 173
24 25
24 26
24 28
24 46
24 108
24 137
24 142
24 155
25 38
25 141
25 150
26 49
26 116
26 120
26 129
26 144
27 59
27 69
27 71
27 124
27 125
28 35
28 170
29 36
29 45
29 54
29 127
30 40
30 62
31 76
31 182
32 38
32 42
32 58
32 72
32 78
32 99
32 116
32 147
32 152
33 35
33 40
33 52
33 64
33 73
34 37
34 74
34 90
34 144
35 100
35 101
35 106
36 41
36 68
36 107
36 151
36 199
37 124
38 122
39 110
39 149
39 183
40 87
41 63
41 112
41 140
41 156
41 161
41 164
41 170
42 56
42 79
42 95
42 114
42 132
42 181
43 70
43 82
43 176
43 196
44 55
44 135
44 191
47 61
48 182
49 73
49 94
49 138
49 147
49 150
50 98
50 142
51 71
51 196
52 61
52 86
52 123
52 157
52 197
53 65
53 82
53 92
53 93
53 97
53 118
53 187
54 77
54 193
55 129
56 183
57 63
57 86
57 153
58 165
60 108
61 91
61 103
61 117
62 69
62 83
62 87
62 93
62 166
63 81
63 126
63 167
64 80
64 178
65 80
65 81
65 90
65 105
66 78
66 140
67 121
68 96
69 167
70 85
70 101
70 132
70 162
71 179
72 104
72 117
72 155
73 111
73 123
74 153
75 88
75 143
76 79
76 134
77 125
78 195
79 103
80 178
81 89
81 96
81 187
82 111
82 146
83 107
85 110
85 158
86 105
86 120
87 137
88 159
89 128
89 197
90 169
90 188
92 185
94 139
96 162
97 145
98 174
99 102
99 185
99 192
100 102
100 114
100 131
101 133
101 184
102 164
103 115
103 193
104 163
105 177
107 113
107 136
109 119
111 145
113 143
113 188
114 128
114 171
114 194
118 198
119 176
119 199
120 131
120 180
121 130
123 190
125 169
128 141
129 148
130 174
132 160
135 152
135 175
135 195
141 151
141 186
142 148
146 149
146 158
146 180
150 163
150 175
151 154
152 173
154 171
156 181
162 168
165 186
166 189
166 190
174 179
