0 1
0 2
0 3
0 9
0 17
0 27
0 29
0 50
0 63
0 92
0 216
1 2
1 3
1 4
1 7
1 12
1 29
1 34
1 95
1 125
1 128
1 199
2 5
2 6
2 19
2 38
2 44
2 77
2 146
2 203
3 4
3 8
3 22
3 32
3 43
3 47
3 62
3 68
4 5
4 8
4 9
4 11
4 13
4 23
4 31
4 46
4 63
4 77
4 188
5 6
5 7
5 10
5 11
5 16
5 18
5 20
5 23
5 46
5 64
5 86
5 136
5 187
6 13
6 15
6 24
6 36
6 52
6 61
6 71
6 100
7 14
7 40
7 57
7 59
7 61
7 102
7 106
8 10
8 12
8 19
8 21
8 31
8 41
8 44
8 56
8 101
8 190
9 16
9 24
9 49
9 104
9 113
9 117
9 124
9 149
10 47
10 105
10 122
10 161
10 181
10 202
11 42
11 43
11 157
12 14
12 21
12 93
12 116
12 134
12 142
13 25
13 28
13 30
13 104
13 205
14 15
14 17
14 18
14 20
14 34
14 38
14 60
14 170
15 35
15 66
15 89
15 94
16 26
16 35
16 37
16 40
16 65
16 76
16 183
17 147
17 195
17 207
17 215
17 216
18 26
18 32
18 54
18 55
19 30
19 97
19 111
19 121
20 57
20 65
20 91
20 96
20 147
20 172
21 22
21 128
21 152
22 25
22 113
23 27
23 33
23 39
23 45
23 53
23 72
23 79
23 99
23 185
24 33
24 37
24 42
24 91
25 52
25 86
25 191
25 210
26 146
26 184
26 209
27 28
27 36
27 67
28 69
29 48
29 74
29 84
29 125
30 71
30 87
30 101
30 145
30 163
31 131
32 59
32 70
33 58
33 70
33 92
33 97
33 139
33 177
33 180
34 55
34 56
34 79
34 88
35 49
35 75
35 82
35 186
35 208
35 211
36 39
36 45
36 53
36 66
36 95
36 110
36 162
37 41
37 155
37 158
38 51
39 54
39 168
40 83
40 85
41 143
42 48
42 50
42 75
42 150
43 51
43 114
43 141
43 156
43 173
43 198
44 73
44 81
44 165
44 174
45 62
45 84
45 121
45 132
45 183
46 60
46 68
46 69
46 98
46 158
47 74
47 135
47 142
47 194
47 195
48 159
48 215
49 90
49 123
50 103
51 58
52 76
53 87
53 98
54 108
54 144
55 78
55 80
55 81
55 83
55 134
56 106
56 169
57 78
57 177
57 200
58 64
58 73
58 135
59 94
59 171
60 131
60 193
61 124
61 165
61 201
62 120
62 151
62 213
63 67
63 72
63 203
64 96
64 172
65 181
65 182
66 132
66 149
67 110
67 112
67 179
69 218
70 80
70 90
70 127
70 213
71 88
71 99
71 168
72 114
72 127
72 138
72 188
73 103
73 108
73 117
74 93
75 115
75 144
76 109
76 129
76 182
77 102
78 109
78 122
78 161
79 129
80 133
81 82
81 85
81 126
81 166
81 170
81 204
82 202
82 206
84 89
84 148
86 100
86 150
87 139
88 115
88 145
88 169
89 176
90 153
91 105
91 153
91 191
93 138
95 118
95 173
96 107
96 163
96 167
97 219
98 116
98 157
99 130
99 209
100 120
101 154
102 197
103 154
104 107
104 112
104 119
105 111
105 180
106 126
106 152
107 118
107 141
108 174
109 176
110 160
110 164
110 175
110 219
111 192
112 123
112 130
116 136
116 143
117 119
117 162
118 133
118 140
120 207
121 185
121 211
122 151
122 187
123 189
125 148
126 155
126 205
127 140
127 198
130 210
131 137
133 192
134 178
134 184
135 137
135 171
135 212
136 186
136 201
137 167
140 179
140 194
142 156
142 160
142 212
144 159
148 199
150 190
150 208
157 164
157 217
162 193
163 166
163 175
164 189
169 218
177 178
181 196
182 196
187 200
187 214
192 197
192 206
195 217
202 204
211 214
