0 1
0 2
0 74
0 179
1 2
1 3
1 4
1 10
1 11
1 15
1 21
1 28
1 35
1 51
1 75
1 97
1 174
1 180
2 3
2 4
2 5
2 9
2 11
2 14
2 33
2 68
2 105
2 175
3 6
3 7
3 9
3 10
3 40
3 81
4 5
4 62
4 113
5 6
5 7
5 8
5 13
5 17
5 46
5 57
5 134
5 162
6 8
6 16
6 93
6 151
6 187
7 19
7 22
7 25
7 26
7 34
7 42
7 98
8 32
8 59
8 73
8 118
8 189
9 14
9 20
9 26
9 28
9 30
9 111
9 185
10 12
10 13
10 25
10 87
10 122
11 12
11 17
11 18
11 22
11 23
11 29
11 31
11 32
11 48
11 52
11 56
11 70
11 83
11 117
12 18
12 19
12 27
12 30
12 39
12 42
12 43
12 72
12 135
12 153
13 16
13 20
13 24
13 39
13 80
13 86
13 94
13 100
13 174
13 194
14 15
15 43
16 37
16 127
16 164
16 195
17 106
17 154
18 23
18 58
18 70
18 71
19 21
19 24
19 31
19 36
19 40
19 47
19 54
19 57
19 99
19 170
19 173
20 123
20 188
21 46
21 121
21 139
21 147
22 41
22 79
23 27
23 33
23 49
23 69
23 101
23 109
23 176
23 190
24 45
24 50
24 160
25 29
25 52
25 58
25 155
26 61
26 87
26 124
26 156
27 45
27 68
27 84
27 142
27 162
28 79
28 102
29 37
29 73
30 34
30 35
30 63
30 110
30 182
30 184
31 44
32 38
32 77
32 78
32 98
32 118
34 36
34 199
35 38
35 82
36 47
36 71
36 93
37 100
37 130
38 86
38 104
38 125
38 140
39 60
39 61
39 81
39 92
39 124
39 146
40 41
40 55
40 59
40 91
40 133
40 167
41 44
41 51
41 55
41 108
41 189
42 112
42 182
43 56
43 121
43 126
43 129
44 80
44 92
44 95
44 141
44 157
44 183
45 48
45 54
45 65
45 67
45 135
45 173
45 186
46 50
46 63
46 64
46 65
46 103
47 53
47 89
47 95
47 117
48 49
48 67
48 94
48 103
48 107
48 150
48 168
49 72
49 134
50 53
50 62
52 107
52 159
53 83
53 109
53 132
53 143
53 156
53 168
54 60
54 96
54 164
55 77
55 198
56 66
56 82
56 88
57 64
57 84
57 132
58 89
58 115
58 144
58 159
59 76
59 119
60 125
60 128
61 152
61 180
62 76
62 150
63 102
64 66
64 181
65 69
65 74
65 96
65 192
66 85
66 190
68 161
70 120
71 123
71 130
71 183
72 122
72 131
72 137
72 144
72 149
73 75
73 138
74 128
76 78
76 127
77 111
77 112
77 113
77 114
77 158
77 160
78 85
78 90
78 163
78 167
79 129
80 90
80 101
80 133
82 105
82 119
82 138
83 148
84 88
84 99
87 140
88 199
89 91
89 120
89 178
89 193
90 147
90 172
91 187
95 97
95 116
95 126
95 177
98 153
98 177
99 154
100 104
100 106
101 161
102 115
102 142
103 141
104 110
104 155
105 136
106 108
106 114
108 148
108 170
108 191
109 145
111 192
112 145
113 116
113 136
113 146
114 151
117 149
117 169
118 143
119 131
121 185
122 171
122 184
124 169
125 166
128 137
129 139
131 186
132 152
132 163
132 181
134 166
136 197
137 157
139 178
146 188
147 165
147 195
150 198
152 158
153 165
156 172
157 171
160 175
166 191
167 176
171 194
171 196
173 193
174 179
178 197
183 196
