0 1
0 2
0 4
0 5
0 9
0 21
0 22
0 23
0 47
0 50
0 71
0 73
0 99
1 2
1 3
1 4
1 10
1 12
1 34
1 78
1 91
2 3
2 8
2 11
3 5
3 6
3 7
3 8
3 18
3 46
3 75
3 93
4 6
4 10
4 12
4 13
4 16
4 25
4 98
5 9
5 13
5 14
5 23
5 24
5 30
5 94
6 7
6 22
6 27
6 61
6 65
7 16
7 17
7 18
7 25
7 26
7 39
7 46
7 52
8 11
8 17
8 57
8 89
8 92
9 19
9 48
9 67
9 68
10 37
10 41
10 60
11 24
11 29
11 43
11 45
11 62
11 64
11 77
11 81
11 84
12 72
12 99
13 14
13 15
13 21
13 30
13 31
13 33
13 39
13 59
13 67
14 15
14 49
14 51
15 35
15 63
15 86
16 19
16 20
16 59
17 40
17 79
18 28
18 32
18 42
18 58
19 20
19 26
19 79
20 53
21 31
21 45
21 47
21 80
22 27
22 40
22 81
22 97
23 42
23 44
23 68
24 37
24 44
24 53
24 55
24 70
25 28
25 34
25 48
25 63
26 29
26 32
26 33
26 36
26 57
26 87
27 90
28 60
29 56
29 93
30 71
31 74
31 77
31 88
31 96
32 65
32 78
32 82
33 35
33 55
34 69
34 83
35 36
35 38
35 88
36 38
37 66
38 54
38 61
38 70
39 41
40 43
40 54
40 76
42 52
43 94
44 49
44 83
46 51
46 56
48 50
48 58
51 84
51 91
52 80
53 69
54 64
54 66
58 76
60 62
60 89
61 95
62 72
62 73
62 75
64 74
67 87
68 82
68 95
69 90
70 92
71 96
74 98
76 86
80 85
83 85
96 97
