0 1
0 2
0 3
0 4
0 6
0 41
0 45
0 63
0 76
1 2
1 3
1 4
1 5
1 8
1 9
1 12
1 15
1 21
1 22
1 25
1 27
1 30
1 31
1 38
1 40
1 42
1 46
1 60
1 98
2 7
2 16
2 75
3 8
3 9
3 11
3 13
3 21
3 28
3 30
3 31
4 5
4 10
4 14
4 78
5 6
5 10
5 20
5 78
5 95
6 7
6 29
6 58
7 11
7 24
7 34
8 12
8 18
8 42
8 82
9 13
9 23
9 36
10 14
10 17
10 20
10 69
11 22
11 23
11 49
11 55
11 79
12 35
13 16
13 25
13 29
13 48
13 67
13 68
14 15
14 19
14 28
14 94
15 17
15 37
16 18
16 19
16 32
16 36
16 39
16 41
16 57
16 62
16 72
16 77
17 26
17 61
17 79
17 99
18 57
18 84
19 50
19 52
19 76
20 24
20 27
20 35
20 65
21 32
21 37
21 43
21 44
21 83
23 26
23 48
24 66
24 75
25 39
25 47
25 90
27 58
27 61
27 71
29 71
30 97
31 33
31 59
31 68
31 83
31 91
31 96
32 33
32 34
32 69
33 45
33 96
34 40
34 59
34 64
35 53
35 62
36 53
36 84
37 38
38 44
38 80
39 46
39 54
39 67
40 51
40 56
40 70
41 43
41 47
41 49
41 52
41 54
41 64
41 85
41 95
42 72
42 91
42 97
43 56
43 80
44 51
44 77
45 50
45 86
46 86
48 66
49 73
51 55
52 85
52 90
53 92
54 60
54 88
56 70
57 73
59 82
60 81
61 63
62 94
64 65
66 74
67 87
68 74
68 98
75 81
76 99
79 89
81 92
82 87
82 88
82 89
85 93
87 93
