0 1
0 2
0 3
0 6
0 7
0 10
0 25
0 26
0 90
1 2
1 3
1 4
1 8
1 15
1 20
1 35
1 56
1 59
2 4
2 11
2 14
2 20
2 27
2 50
3 5
3 7
3 13
3 15
3 22
3 24
3 36
4 5
4 6
4 8
4 16
4 18
4 21
4 23
4 32
4 40
4 56
4 63
5 19
5 28
5 36
5 68
5 71
5 73
6 18
6 21
6 22
6 37
7 9
7 10
7 31
7 46
8 9
8 13
8 25
8 33
8 47
9 11
9 12
9 27
9 44
9 50
9 66
9 88
10 12
10 17
10 24
10 72
11 42
11 51
12 16
13 14
13 17
13 19
13 39
14 38
14 43
14 52
14 73
15 29
15 32
15 34
15 59
15 66
15 69
15 88
15 92
16 29
16 40
16 97
17 54
18 49
18 84
18 96
19 58
20 23
20 41
20 45
20 89
21 26
21 33
21 34
21 47
21 53
21 61
22 45
22 62
23 28
23 60
23 67
24 30
24 51
24 64
24 70
25 30
25 31
25 42
25 49
25 54
25 57
25 62
27 67
28 37
28 39
28 65
28 85
29 38
29 94
30 35
30 78
30 82
31 44
31 58
31 79
31 80
32 80
33 74
33 91
35 98
37 41
37 82
37 96
38 43
38 46
38 83
40 61
40 83
40 84
40 86
41 75
41 81
42 77
44 48
44 93
45 48
45 93
45 97
46 74
48 52
48 72
49 55
49 86
51 55
52 53
52 78
53 60
53 71
53 98
54 68
54 75
55 57
55 69
55 77
55 91
55 99
56 92
57 63
59 70
60 65
60 87
60 99
61 64
61 87
62 79
66 85
66 90
66 94
66 95
69 76
69 89
71 76
74 95
76 81
